0 0.0 0 0
0 0.0 0 0
0 0.0 702 239.71024175032656 628 289 134 559 338 1192 385 1226.331050121193 791 1247.3764111383803 895 1468 279 1513.8468966578698 865 1577.6706832210614 281 1695.716969598706 0 1793.5349631991066
0 0.0 0 0
0 0.0 136 226.31394124092313 59 812 24 893 224 970 481 1273 841 1324.2310562561765 860 1542 888 1563.180339887499 0 1721.3457879514792
0 0.0 839 196.4739168439414 797 553 288 579.4012194668567 562 613.9165208111192 168 646.3887258653634 868 877 94 892.0 676 1011 782 1261 255 1581 0 1679.842557369765
0 0.0 650 87.32124598286491 889 198.85449176965142 542 806 465 830.142135623731 689 1012 230 1045.6008474424118 646 1223 572 1271.2753184180092 13 1296.9277942605077 0 1419.288819531729
0 0.0 0 0
0 0.0 0 0
0 0.0 152 230.88741845323665 789 254.04036489120256 910 266.86879201594877 803 285.4127957612663 874 301.4955582915645 814 434 475 452.2462112512353 722 466.36931687685296 180 505 649 518.1622776601683 998 876 0 1050.0121946685672
0 0.0 0 0
0 0.0 695 57.97413216254298 497 152.57318653078045 169 232.75153076887145 568 246.99417145599074 605 530 818 550.6301458127347 558 581.2456739408229 351 841 537 1003 320 1268 0 1333.2268050859363
0 0.0 819 74.79304780526061 214 1732 0 1816.4311762637135
0 0.0 247 31.144823004794873 997 136.66445449487128 599 194.92416854292588 623 215.36447505183642 680 273 947 297.422205101856 103 700 761 1278 106 1705 0 1785.5761999543756
0 0.0 35 259 581 424 150 719 851 778.0917508345343 908 816.411355351547 451 844.4391117288669 102 855.4391117288669 192 1396 671 1643 0 1794.1736519326464
0 0.0 278 57.42821606144492 223 125.05633419834055 622 420 127 540 849 577.1661554144123 994 602.0322241617308 555 627.3292827025092 570 648.0996123167782 188 678.124596711279 204 878 0 1027.4632568098136
0 0.0 339 189 273 239 332 274.0 546 1043 653 1147 580 1162.0 184 1184.5299640861417 368 1205.9317183371331 968 1304 295 1347.0151480384384 917 1460.962249970142 0 1609.1396721490205
0 0.0 0 0
0 0.0 487 30.4138126514911 559 1294 0 1340.4965751817892
0 0.0 396 158.45504094221806 675 236 691 369 456 400.5870331449229 41 557 429 811 643 1196 38 1238.2800247831378 842 1283.2085231762837 0 1424.6086753831971
0 0.0 697 40.85339643163099 630 550 501 571.4017542509914 239 1202 0 1284.8010988928052
0 0.0 858 194.81273059017474 401 280 493 301.7046999107196 341 626 657 640.1231056256177 719 655.2221251392104 707 1033 0 1270.4950548913098
0 0.0 893 70.22819946431775 641 158.97462795475786 460 186.00401432068426 238 243.0146514148569 425 659 12 687.6010752377383 466 1203 11 1228.1327459504216 533 1249.7946497401122 0 1505.5933478652244
0 0.0 979 236.799493242701 896 706 588 808 446 827.4868329805051 179 878 393 910.5610283453569 801 949.9719106850624 529 1220 665 1267 492 1359.2192191643778 0 1578.9666863719701
0 0.0 0 0
0 0.0 712 74.32361670424818 540 480 93 694 509 862 250 877.3851648071345 343 950 72 1067 741 1141.1248781675256 21 1169.9131723955816 0 1276.4792119747215
0 0.0 361 141 157 234.40863264674707 210 419 715 456.29468812791237 307 750 31 867 39 1054 441 1139 604 1175.0768096208105 158 1216.0929344593521 855 1392 0 1643.1244491958457
0 0.0 799 176 526 252.70832032063169 164 283.2995806026057 644 355 760 680 34 729 191 804 217 827.0384048104053 912 876.850463285194 128 900.8861321328122 828 1402 0 1625.8621051051355
0 0.0 0 0
0 0.0 73 211.69081227110448 754 270 742 621 593 650.2353840616713 145 780 659 1042 816 1075.0867927612303 518 1108.1735855224606 551 1155 0 1392.3785390048938
0 0.0 0 0
0 0.0 838 219.9931817125249 424 1027 525 1074.336309405189 637 1120.7368588515917 315 1151.997150477061 135 1175.0355552874664 231 1364 966 1415.2310562561765 0 1627.5303394976156
0 0.0 524 757 139 789.360679774998 241 862.99243285473 115 925.3947228810257 20 941.0515771305181 55 964.6530476392536 187 986.6946422180459 952 1025.7635259255433 76 1069.7635259255433 291 1188 0 1411.0093894644083
0 0.0 0 0
0 0.0 992 146.70037491431302 395 202.79809720077745 484 215.79809720077745 663 552 462 577.0332963783729 539 592.1323158919657 670 624.3359192031403 178 737 878 818 321 1081 340 1107.0312195418815 909 1255 0 1430.4841382127
0 0.0 931 224 270 281.169905660283 652 323 149 337.4721359549996 193 380.04513090480424 64 412.24873421597874 268 516 953 540.0356688476182 975 564.8004919078517 17 804 535 817.0 974 842.1327459504215 711 951 633 1269 0 1468.2511558749377
0 0.0 704 56.08029957123981 710 120.89817986590279 96 140.94805548702368 161 288 440 500 389 574 811 614.4795013082563 5 876 44 894 772 945 381 1020 877 1717 0 1753.4007575648882
0 0.0 459 51.78802950489621 626 99.43108995433363 445 123.57322557806458 522 185.91823489127418 457 241 346 267.0 450 280.1622776601684 548 533 272 1385 669 1409.8660687473184 237 1585 0 1771.57009939398
0 0.0 903 233 420 303.90155991434045 949 348.88727128341225 825 370.9703172570068 266 404.0571100182372 557 473.59701260465397 219 505.2303202574379 215 549.2450229608278 906 579.4934796921443 438 623 764 645.2065556157337 734 790 0 1025.6413082748813
0 0.0 960 148.94629904767692 679 235 359 338.2308961664533 326 551 598 698 46 713.0 735 1021 561 1237 973 1322.0066663703967 244 1487 0 1626.7112177107285
0 0.0 983 174.54225849346628 236 208.39597937721942 334 481 124 581 749 682 920 711.1049731745428 391 726.9359250693881 913 912 175 1295 0 1557.5173261382276
0 0.0 240 231.50161986474308 398 258.5016198647431 577 794 483 845 507 873.8679622641132 443 953 798 1047 683 1077.5182845286831 699 1153.2525982468624 516 1245.1366626305994 0 1309.33998356207
0 0.0 775 43.04648650006177 299 61.10874424836032 918 141.32270297452817 373 414 42 1140 282 1158.2462112512353 834 1430 900 1491.0 474 1507.3245553203367 817 1520.4868329805051 856 1536.3177848753505 744 1563.0808394895907 569 1598.3790607709377 0 1720.8246031459025
0 0.0 932 64.32728814430156 804 129.24540901528547 336 192.5839504276638 585 212.07078340816895 553 314 629 329.65685424949237 748 409 563 480 723 803 792 842 0 971.0672079121704
0 0.0 74 50 142 95.38361202590826 713 627 565 1004 635 1180 65 1264 0 1334.2162768692983
0 0.0 582 277.72108310317384 919 295.0011929924544 418 350.6082099964199 167 389.4526202001318 886 418.68800426180314 566 784 23 1353 961 1380.8885438199984 504 1431.9981534021874 0 1694.721322106602
0 0.0 751 42.04759208325728 618 86.9331191682821 943 154 848 263.24716620639606 672 532 355 949 833 986.1661554144123 771 1035 862 1059.3178210632764 612 1085.719040530133 485 1119.4255797123924 283 1340 0 1435.7962703152066
0 0.0 790 43.46262762420146 306 122.14304695897256 615 202.71924691334812 631 379 78 489 776 560 972 778 85 1207 763 1244.5862284482675 0 1475.2148757269017
0 0.0 866 1710 0 1734.142135623731
0 0.0 0 0
0 0.0 743 35.12833614050059 60 802 745 910 510 925.3851648071345 560 1150 575 1166.3245553203367 756 1190.4666909440675 357 1204.4666909440675 422 1223.4666909440675 506 1242.6862354013604 54 1289.5779688927537 116 1343.6801230351537 794 1530 0 1656.4302366226232
0 0.0 0 0
0 0.0 0 0
0 0.0 613 120.24142381059865 891 471 300 597 661 617.0 181 776 494 802.2788205960996 153 822.5744507370866 90 864.6368898208494 87 1267 0 1412.092560861063
0 0.0 0 0
0 0.0 308 171.40595088852663 199 209.42380234077044 16 296.3458407952992 190 353 717 383 843 444 571 831 769 873.8024389337135 32 1090 574 1117.464249196573 349 1467 0 1691.4014925321183
0 0.0 478 1621 0 1642.180339887499
0 0.0 213 39.05124837953327 122 81.3622372223403 138 136.63916291302738 755 508 824 804 885 824.0 62 902 426 926.142135623731 259 963 586 1586 0 1690.9210198006742
0 0.0 77 121.59769734661919 99 161.74732420998185 700 207 897 340 413 353.605551275464 412 548 925 575.6918060129541 182 664 607 682.0622577482985 384 1294 0 1378.6726188103778
0 0.0 616 98.15294188153507 498 189.5470448620336 863 213.0006689091073 151 228.38583371624182 902 596 882 631.1793566240283 382 1213 48 1233.0 409 1281.0525951808809 0 1511.3796248436074
0 0.0 394 94.11163583744573 884 177.2758347328071 934 239 765 262.0384048104053 69 288.31722540650503 143 314.8701707637519 242 1016 2 1183 528 1232.0512483795333 79 1254.4205652563862 729 1467 0 1546.3541635375989
0 0.0 0 0
0 0.0 802 52.172789842982326 67 903 648 958.3100430368368 100 979.0803726511058 195 1007.1081290284258 538 1024.3192315793538 602 1042.1294812552603 8 1196 83 1399 0 1655.8683859873515
0 0.0 407 55.80322571321482 133 166.84777034576786 696 192.97228584236495 123 246.8129062759309 578 262.19807108306543 40 285.19807108306543 950 448 523 834 996 1228 0 1426.6637220029331
0 0.0 658 137.63720427268203 508 392 37 452.6951674225463 793 488.4050876869112 892 619 311 1292 989 1469 467 1489.816653826392 601 1596 778 1621.2970585407784 767 1719.5297055598949 0 1852.9882006098508
0 0.0 515 154.02921800749363 120 462 225 500 107 548.1182371050918 591 1149 813 1170.4017542509914 614 1191.4471152681788 111 1240.0735310998348 857 1258.6175348451522 890 1323.2069111009769 0 1474.3203406532346
0 0.0 986 114.23221962301179 967 127.83777089847578 728 163.46978213442839 957 199.48900579694376 826 308.32725750143317 991 502 812 635 870 663.6815416922694 869 914 159 948.5153013442625 589 1330 0 1399.8080262172227
0 0.0 606 75.8023746329889 289 118 746 151.1948270094864 731 226.31010939388523 95 246.31010939388523 265 610 638 1090 985 1209 323 1662 788 1691.7989898732233 0 1812.1076477383247
0 0.0 53 85.14693182963201 447 184.5896509296236 519 207.11961501576525 309 234.8114210287194 194 535 815 547.2360679774998 137 565.2983257257983 98 594.0866199538543 227 700 366 1023 674 1236 780 1347 0 1574.5178153623285
0 0.0 948 123.64869590901475 473 302 403 458 930 555 33 767 500 985 415 1008 173 1101.868945385047 61 1524 0 1584.2195181179588
0 0.0 435 119.01680553602503 781 580 636 619.0 502 670.2310562561767 846 700.3556680536748 514 720.3556680536748 724 750 81 783.7697286480094 427 877 980 1307 632 1704 0 1792.7464284904402
0 0.0 132 133.4053971921676 783 158.43869357054052 835 247 276 259.8284271247462 437 841 174 1189 480 1216.0 550 1248.6715680975092 933 1314.6179710203066 0 1539.0241276483289
0 0.0 673 68.60029154456998 655 127.4367533328691 290 151.36514161005323 758 471 386 501.0 377 518.8102496759067 1000 563.6383992104427 328 671.2191350141862 253 1455 0 1529.1248781675256
0 0.0 201 48.30113870293329 621 95.01625820430493 202 123.69779989657434 372 177 108 194.211102550928 921 886 267 944.1040538832228 0 1031.3374663418213
0 0.0 141 41.012193308819754 209 165.59840539386948 678 253.53427646746434 512 273.8299066084513 725 310.6627223384488 988 347.97572290594417 399 374.10023840254127 397 394.91689222893325 639 1138 0 1359.2652361369471
0 0.0 901 244 840 308.0832691319598 946 557 203 578.6619037896907 850 645.9768233133191 757 672.0080428552005 261 1085 907 1154.0084739677277 662 1182.4475628823134 7 1450 0 1708.6463351831271
0 0.0 110 12.041594578792296 277 113.72038165628368 645 314 785 752 965 809.0956473572664 101 1628 845 1691 0 1772.386273190299
0 0.0 489 59.61543424315552 654 217.26366484548953 45 411 452 454.0151480384384 350 503 92 518.0 685 706 647 824 29 850.7630546142402 416 1006 0 1241.8694313093297
0 0.0 547 92.44457799135652 820 129.46309016356912 945 178.36039084112258 495 510 160 535.2970585407784 543 699 830 1031 84 1539 264 1644 0 1746.574294488265
0 0.0 140 156.54072952429985 337 231.54072952429985 940 259.5684859016198 113 497 71 676 552 781 356 1327 603 1368.04834939252 556 1394.4495688593768 521 1460.0553239572082 0 1659.7498151792781
0 0.0 718 88.58893836140041 915 113.3537614216338 944 201.95401587414813 363 214.7824429988943 737 331 759 1053 367 1071.6023252670427 739 1234 698 1256.1655250605963 640 1310.1314209345576 156 1360.9480841984746 325 1386.979303740356 9 1416.3957915793037 0 1598.1194067287643
0 0.0 708 169.9941175452845 597 237.0028888002414 693 289.0147918754414 324 389 274 405.7082039324994 520 419.831309558117 211 481 0 757.8351551051697
0 0.0 706 49.20365840057018 686 139.65239984504524 286 156.86350239597323 876 190 47 838 406 892 56 1111 894 1498 0 1621.017697729161
0 0.0 235 55.44366510251645 423 137.2837653251637 937 348 956 415.3846669416143 596 462.50608932815544 777 873 205 1089 88 1456 312 1484.02775637732 430 1513.8771896185992 404 1539.4335388047032 664 1624.7063758709385 117 1679.9833015616255 0 1746.4191057997152
0 0.0 463 125.29964086141668 611 796 787 866 827 929 530 973.2052627529741 916 998.4696002754479 257 1313 0 1368.0998891351187
0 0.0 18 133.4053971921676 22 187.26882159109022 166 214.7616772756261 380 244.40855998001462 608 359 220 480 681 673 859 686.1622776601683 3 719.9320063081777 880 825 171 840.0 390 924 0 1123.274932307477
0 0.0 97 156.31058825300352 249 265.4367704653736 875 306 369 334.3847763108502 545 374.4014383504575 779 385.8156519128306 352 855 567 1140 432 1155.0990195135928 436 1421 353 1491.2079728939614 905 1513.857083534635 183 1547.2023185944925 0 1722.8585892273907
0 0.0 667 50.60632371551998 796 67.67739152738545 51 83.76015405768368 254 578 703 589.0 449 631 144 651.4403065089106 625 1214 0 1295.505244562899
0 0.0 694 96.67471230885562 995 244 750 348.81033698917014 294 394 207 413.48683298050514 822 565 405 747 806 769.0 287 867 419 892.1327459504215 0 1152.9713394722319
0 0.0 911 37.48332962798263 70 592 322 795 883 825.0 887 844.8488578017962 125 990 554 1016.4012194668567 939 1055.4012194668567 861 1214 716 1253.1547594742265 370 1407 0 1671.6860812843922
0 0.0 928 117.47765745025733 301 180.71298406708198 732 394 736 544 198 556.2360679774998 922 758 109 806.1182371050918 269 821.2172566186846 4 949 119 1038 831 1387 0 1454.0087712549569
0 0.0 89 106.16967551989597 319 134.60876443448174 590 377 924 416.4278779391243 454 523 170 726 935 939 471 972.7065391822593 941 1089 297 1537 0 1625.2368199762745
0 0.0 532 62.36184731067546 770 754 411 767.1622776601683 302 897 721 952.6070170039656 527 1311 0 1348.6586333718788
0 0.0 610 36.05551275463989 82 84.17374985973173 260 144.9772930432539 499 791 513 816.2970585407784 126 833.9128316466423 821 957 318 1273 176 1306.5372045918796 444 1320.779845278999 172 1459 541 1600 0 1637.202941017471
0 0.0 28 55.036351623268054 656 124.0702401958498 358 174.567153658483 374 206.40748332632455 879 332 280 363.1896201004171 727 400.9745080793167 951 428.2371845809488 25 478.16211413630305 228 746 146 804 511 836.8473193175918 705 870.256719139031 682 1269 0 1487.2138323935276
0 0.0 86 210.8293148497144 345 236 248 279.83784863137726 58 295.6688005262226 583 494 832 518.5602197785611 258 575 867 592.0710678118655 197 1023 609 1112 63 1245 0 1376.0784869413226
0 0.0 873 70.83078426785913 549 137.41700167103957 408 171.4378259699682 365 244 66 259.65685424949237 234 298.518593628816 208 379 738 407.02775637732 251 425.5717601226375 476 541 333 573.360679774998 479 1136 0 1309.670400500518
0 0.0 14 33.12099032335839 348 227.0557613700531 417 333.09741899839685 600 353.5377255073074 49 370.2459294398068 684 402 154 459.169905660283 414 486.66276134481893 36 513.4258159590592 378 988 809 1393 477 1458.5427763079952 163 1512.383396741561 0 1690.183873498929
0 0.0 899 184.66456075814872 929 320.30691030638025 216 363.42790062973864 531 399.44712429225405 233 410.44712429225405 130 717 730 1500 579 1547.0 594 1559.8284271247462 0 1826.927629768395
0 0.0 752 229.4558781116753 91 282 624 506 620 547.2569992161756 587 615 660 819 221 950 271 984.5967477524977 344 1041 458 1084.970575502926 0 1263.128239616103
0 0.0 313 102.7277956543408 963 204 595 373 246 387.4721359549996 491 776 942 1078 387 1099.7046999107197 472 1393 993 1462 329 1539.6017751246222 784 1579.6184371642296 245 1606.647823530156 256 1750.994390289415 0 1878.2036049442363
0 0.0 872 208.38905921376966 536 243.0872372842266 954 278.38545856557363 304 295.38545856557363 347 335.4686764785563 196 868 43 970 714 984.1231056256177 186 1026 810 1072.069377593743 104 1117.4105716878876 970 1224.6628210192011 0 1258.2000256110807
0 0.0 854 26.248809496813376 927 56.767094025496576 262 132.569829530945 185 642 189 669.0 330 686.6157731058639 800 798 634 1146 0 1232.896033707858
0 0.0 753 31.400636936215164 26 57.95358229346201 762 115.38774719598769 517 134.87458017649283 651 172 853 555 15 1105 371 1131 455 1189.7954915950233 461 1450 898 1471.4017542509914 844 1485.0073055264554 687 1616 0 1650.1660919471892
0 0.0 726 36.345563690772494 212 133.2708189391754 807 212.33600553850343 296 405 428 418.605551275464 298 446.0984069599999 829 636 666 834 433 877.9705755029261 0 1069.973322734939
0 0.0 971 97.86725703727473 165 134.1160665340881 847 177.6421757625685 962 200.6421757625685 482 629 362 659.6155281280883 226 694.4550128248367 303 725.4788088664653 10 997 805 1018.1803398874989 914 1072.180339887499 0 1214.2144263954913
0 0.0 692 179.98055450520204 936 278 564 310.8035085019828 642 466 576 800 360 823.0 864 836.605551275464 823 866.6305356699647 709 912.6305356699647 376 944.5622478694261 978 974.7859962855828 720 998.1276603497091 592 1124 131 1187 0 1423.3846284534354
0 0.0 0 0
0 0.0 881 71.58910531638176 310 191.8478918143294 75 276.7945395045363 469 311.1461308283082 431 336.17942720668105 118 369.02674652427277 490 702 229 730.8679622641132 969 775.9962984046138 342 866 6 1257 421 1465 19 1553.9240140895026 852 1621.2040280559813 0 1772.7384761596145
0 0.0 155 246.29453911932356 402 356 410 374.5440037453175 222 422 364 461.0172362570938 534 638 30 1030 354 1199 938 1373 0 1674.4463930125057
0 0.0 448 239.82702099638396 573 307.9647884113785 503 330.61389905205203 200 366.3238193164169 383 391.9443186682302 488 430.5450179603804 275 749 316 773.8660687473185 27 787.9891743729362 252 829.2301730765628 701 962 786 988.9705627484772 999 1020.9022749479385 990 1218 0 1483.9726547895302
0 0.0 68 50.60632371551998 400 603 976 647.655446902327 627 798 740 812.0 388 854.5729949498046 795 1107 162 1126.2195444572928 1 1160.5505945784857 147 1178.1663676843496 747 1313 617 1366.1856457633783 0 1539.2960378296104
0 0.0 148 143 544 234.85963596303125 335 322 959 347.2970585407784 442 368.6107670397631 733 1155 964 1194.4108823397055 305 1242.489747869025 52 1264.5313424478172 836 1382 331 1427.1283361405006 392 1469 0 1681.2300670029063
0 0.0 80 257.6140524117425 50 337 57 364.11724276862367 327 396.47792254362156 439 533 293 663 837 683.1980390271856 470 1040 619 1075.0199920063935 926 1111.3258848823252 981 1456 0 1653.6406139405858
0 0.0 486 18.027756377319946 218 733 114 858 584 896.3196045170126 984 931.0177825874696 904 945.4899185424691 871 1010 955 1028.0622577482986 112 1090.0334035890437 505 1109 129 1133.3178210632764 105 1364 0 1457.096329642169
0 0.0 496 288.46663585239804 263 345 977 437 982 814 121 928 468 966 688 1014.0525951808809 453 1051.1265679222427 923 1226 690 1271.7770876399966 206 1313.161797292947 0 1448.8956431738395
0 0.0 808 275.9601420495358 243 361 379 381 768 397.40312423743285 958 554 375 643 284 1226 177 1320 285 1332.8284271247462 677 1371.8973108322434 0 1695.026677069267
0 0.0 773 106.78014796768171 464 173.38403476002134 766 230.2562013410532 292 246.9644052735526 232 742 668 923 314 1070 434 1089.0553851381374 317 1141 774 1165.3178210632764 987 1268.5487172297296 0 1420.030164776749