0 0.0 23 664 22 757.0 21 849.0 0 949.1980390271856
0 0.0 5 15.132745950421556 3 106.13274595042155 7 198.13274595042157 8 290.9611730751678 10 384.5667243506318 11 477.5667243506318 9 570.7290020108002 6 662.9650699883 4 755.2011379657998 2 848.8066892412638 1 940.8066892412638 75 1033.806689241264 0 1139.6180775421058
0 0.0 43 16.55294535724685 42 109.55294535724684 46 355 49 867 47 959.0 0 1067.02775637732
0 0.0 20 10 24 105.0 25 197.0 27 289.0 29 382.605551275464 30 477.605551275464 28 570.605551275464 0 678.3255964221333
0 0.0 98 30.805843601498726 96 126.19100840863322 95 218.19100840863322 94 311.79655968409725 92 405.40211095956124 93 497.40211095956124 97 592.4021109595612 100 687.4021109595612 99 782.4021109595612 0 905.9431306220581
0 0.0 81 47.43416490252569 78 140.43416490252568 76 232.43416490252568 71 327.4341649025257 70 422.4341649025257 73 515.4341649025257 77 609.4341649025257 79 700.4341649025257 80 795.8193297096602 0 937.2974804145953
0 0.0 55 35.05709628591621 54 130.0570962859162 53 225.44226109305072 56 319.4422610930507 58 411.4422610930507 60 504.4422610930507 59 604.8825676019613 68 711.4355129592082 69 836 0 941.8113883008419
0 0.0 32 31.622776601683793 33 123.6227766016838 31 219.0079414088183 35 314.0079414088183 37 409.8388933036636 38 501.8388933036636 39 596.8388933036636 36 691.8388933036636 34 784.8388933036636 0 907.2271627850669
0 0.0 90 20.615528128088304 87 115.6155281280883 86 206.6155281280883 83 302.6155281280883 82 395.6155281280883 84 491.4464800229336 85 584.2749071476799 88 677.2749071476799 89 770.1033342724261 91 863.7088855478901 0 976.069565322888
0 0.0 0 0
0 0.0 67 12.206555615733702 65 103.2065556157337 63 195.2065556157337 62 290.2065556157337 74 383.2065556157337 72 478.2065556157337 61 571.2065556157337 64 663.2065556157337 66 758.3055751293265 0 864.8585204865733
0 0.0 41 63 57 170.72004514666935 40 276.53143344751123 44 369.53143344751123 45 461.53143344751123 48 553.5314334475113 51 646.5314334475113 50 738.7675014250111 52 831.9297790851795 0 943.1429825207758
0 0.0 13 30.805843601498726 17 124.80584360149872 18 217.80584360149874 19 312.80584360149874 15 407.80584360149874 16 502.80584360149874 14 594.8058436014987 12 687.8058436014987 26 807.8058436014987 0 913.6172319023407
