0 0.0 262 219 124 573 293 671.0622577482985 182 763.2983257257983 330 1751 392 2165 96 2711 340 2821.099751242242 99 2921.870080856511 0 3027.0028268069323
0 0.0 177 125 133 256 119 442 250 1085 18 1186.0453610171874 140 1285.8942188189835 120 1383.9564765672822 274 1492.3955654818678 26 1595.4339702922732 299 1694.653514749566 196 1789.1256507045657 268 1880.1256507045657 326 2625 368 2723.0622577482986 318 2818.1612772618914 38 2935.6203376973835 364 3027.8564056748833 16 3125.0675082258113 0 3233.4522845366614
0 0.0 21 56.293871780150276 240 155.51341623744318 189 248.34184336218937 154 343.34184336218937 34 438.34184336218937 54 1534 136 2034 399 2127.6055512754638 281 2221.2111025509275 57 2327.2111025509275 376 2558 161 2779 215 2873.123105625618 76 2999.6196808074073 255 3096.6907486192727 0 3207.306276747361
0 0.0 115 27.85677655436824 37 134.85677655436825 276 242.32102575094123 225 335.9265770264052 367 437.32833127739656 290 529.5643992548963 235 624.5643992548963 227 725.6097602720836 180 818.4381873968298 263 941 287 1039.0622577482986 298 1132.224535408467 83 1228.0554873033125 295 1320.0554873033125 169 1413.6610385787765 14 1513.0950197108332 304 1608.0950197108332 384 1701.0950197108332 46 1796.194039224426 173 1890.194039224426 102 1990.194039224426 4 2099.4034119367243 228 2203.3318002139085 220 2298.988654463401 91 2394.988654463401 400 2492.7989041393075 342 2585.0349721168072 79 2678.0349721168072 315 2773.0349721168072 257 2868.4201369239418 356 2962.5432425495596 320 3133 138 3224.0 294 3325.4017542509914 0 3467.4113687467748
0 0.0 28 703 351 922 297 1015.605551275464 29 1120.165771054025 205 1404 143 1510.0312195418815 232 1604.503355496881 184 1700.1602097463735 245 1794.2833153719912 219 1887.2833153719912 155 1981.7554513269909 336 2078.0800066473275 217 2173.465171454462 195 2517 246 2612.0 98 2704.2360679774997 242 2799.892922226992 363 2894.01602785261 0 3000.2948484487097
0 0.0 27 353 19 1696 319 1848 396 2722 150 3327 0 3431.0
0 0.0 239 49.9799959983992 211 141.9799959983992 292 238.68819993089858 36 349.4968519775834 192 464.7357109058313 175 559.2078468608308 348 759 374 974 149 1067.1622776601685 277 2151 85 2249.5440037453177 43 2343.786644432437 332 2529 90 2620.0 56 2797 301 2954.1192967781994 176 3058.1192967781994 0 3162.437117841476
0 0.0 49 37.16180835212409 62 148.3514284525412 89 241.9569797280052 323 344.9953845384105 64 443.5977098054531 110 566.8392500826425 105 663.2423743200753 377 756.4046519802437 156 856.4046519802437 50 953.112855912743 198 1047.5849918677427 113 1143.415943762588 157 1246.4543485729935 202 1338.4543485729935 142 1446.1461545859477 206 1560.3329278308433 95 1663 327 1759.7082039324994 5 1857.770461680798 223 1952.0131023679173 10 2050.61542763496 78 2151.0557341438703 310 2267.228238800475 0 2446.497494426362
0 0.0 238 29.154759474226502 129 596 362 688.2360679774998 302 783.6212327846343 114 885.6628273634267 65 1874 17 1970.7082039324994 382 2064.3137552079634 33 2595 230 2699.560219778561 77 2792.7224974387295 317 2902.647356283901 314 2996.88999697102 0 3136.8699929694194
0 0.0 337 156 372 285.35733730830884 53 384.41272244644625 1 483.63226690373915 203 587.9500879670155 67 697.9500879670155 104 796.8943598770147 224 889.1304278545146 353 985.2131903848127 264 1087.2547849636048 139 1180.083212088351 190 1271.4974256507242 385 1365.6205312763418 194 1458.7828089365103 278 1558.2696419170154 306 1657.4891863743082 214 1749.725254351808 267 1840.725254351808 229 1939.2692580971254 273 2034.2692580971254 261 2132.8715833641677 200 2234.5762832748874 30 2440 153 2532.2360679774997 207 2627.3350874910925 303 2718.7493010534654 145 2814.5802529483108 344 2927 354 3024.615773105864 92 3141.0354627331094 266 3236.0354627331094 0 3347.9899611332094
0 0.0 51 272 333 522 188 617.8309518948453 171 710.0670198723451 152 802.3030878498449 210 1056 339 1155.2195444572928 185 1247.2195444572928 397 1341.2195444572928 251 1433.4556124347926 375 1527.5787180604102 68 1623.981842297843 12 1718.981842297843 279 1817.2280535490784 316 1916.662034681135 322 2013.9421445704156 0 2176.7226364621306
0 0.0 162 18 325 135.16615541441226 370 384 100 477.1622776601684 2 571.2853832857861 275 664.4476609459545 357 756.6837289234543 284 849.6837289234543 7 945.0688937305888 212 1041.3934490509255 151 1137.7180043712622 283 1232.7180043712622 352 1330.7802621195608 237 1425.8792816331536 260 1516.8792816331536 158 1867 87 1963.7082039324994 226 2057.7082039324996 80 2149.1224174948725 59 2277.761775667596 308 2375.8240334158945 307 2473.8240334158945 259 2566.8240334158945 72 2665.8240334158945 88 2758.986311076063 0 2870.619618728847
0 0.0 31 36.6742416417845 355 151.51372633853293 166 263.4454385379942 387 358.4454385379942 20 458.6434775651798 346 631 128 724.1622776601683 347 819.5474424673029 45 2210 394 2320 168 2418.0622577482986 334 2513.447422555433 55 2605.683490532933 111 2700.7825100465257 81 2798.8447677948243 0 2977.235943825014
0 0.0 44 987 112 1083.0 94 1177.1231056256177 117 1275.6083869998563 159 1374.1523907451738 125 1479.772890096987 103 1582.4220007376607 289 2044 160 2135.414213562373 47 2230.7993783695074 380 2322.2135919318803 121 2421.1578638418796 181 2512.1578638418796 74 2605.1578638418796 365 2871 378 2966.099019513593 106 3071.3633570360666 0 3212.676123478737
0 0.0 216 26.019223662515376 191 128.06081824130766 313 221.66636951677165 371 316.6663695167716 35 414.72862726507014 127 514.7785028861911 236 620.0100490979189 321 713.1723267580873 358 806.7778780335512 253 913.3308233907981 254 1013.2303183274097 178 1117.5481393906862 248 1216.982120522743 3 1548 338 2038 24 2134.708203932499 244 2235.7535649496863 233 2570 167 2671.180339887499 0 2808.3078265592917
0 0.0 391 21.840329667841555 174 117.84032966784156 22 394 137 512.2842712474619 345 638.4090549838388 309 737.895887964344 265 2523 288 2632.4164878389474 328 2726.022039114411 366 2836.4181171687824 221 2940.3465054459666 0 3068.556451795052
0 0.0 0 0
0 0.0 75 9.486832980505138 296 109.78246312149214 222 241.1225163386809 379 355.3092895835765 146 451.39205211387474 73 550.6115965711676 349 651.2417423839023 350 941 141 1041.295630140987 386 1136.6807949481215 186 1232.7635574784197 360 1324.1777710407928 122 1418.3008766664104 201 1668 32 1762.1231056256177 285 1855.285383285786 123 1954.2296551957852 13 2054.5252853367724 312 2188.354499338395 343 2289.124828952664 118 2384.124828952664 130 2483.97368675446 86 2578.445822709459 52 2669.860036271832 270 2773.7884245490163 6 2868.7884245490163 247 2962.911530174634 40 3057.911530174634 70 3150.147598152134 164 3242.97602527688 131 3334.390238839253 0 3474.2099136675774
0 0.0 383 39.05124837953327 252 142.08965318993856 147 242.38528333092557 341 346.70310439420194 329 450.8452400179329 269 541.8452400179328 335 634.0813079954327 271 729.4664728025672 388 821.4664728025672 69 917.4664728025672 249 1011.9386087575667 241 1109.0096765694323 148 1203.2523172565516 116 1727 41 1824.0710678118655 258 1919.1700873254583 280 2021.819197966132 381 2127.943713462729 305 2224.0264759930274 8 2320.3510313133643 231 2415.3510313133643 42 2510.450050826957 71 2834 286 2948 61 3048.0 0 3178.496913462633
0 0.0 93 468 197 964 398 1057.605551275464 373 1149.8416192529637 208 1322 11 1420.5440037453175 209 2123 234 2430 243 2545 48 2648.6014705087355 361 2746.2172436145993 390 2840.6893795695987 109 2944.9020499731505 0 3070.41261178228
0 0.0 213 18.788294228055936 218 172 15 264.0 101 837 359 944.8885438199983 84 1068.1300840971876 23 1173.1633804755604 9 1270.3744830264884 204 1367.654592915769 165 1465.7168506640676 39 1564.6611225740667 395 1658.2666738495307 311 1752.3897794751483 179 1843.3897794751483 300 1936.5520571353168 291 2028.7881251128165 135 2125.859192924682 107 2221.2443577318163 63 2312.2443577318163 134 2404.480425709316 126 2504.6784647365016 82 2619.0300560602736 393 2745.0855688149136 66 2850.0855688149136 0 2963.107297681356
0 0.0 324 18.027756377319946 25 118.07763199844084 170 210.07763199844084 144 301.49184556081394 369 404.9454696078877 256 524.373347547012 331 619.7585123541465 389 885 272 979.4721359549995 60 1074.5711554685922 97 1170.895710788929 163 1269.3809921631675 172 1377.4087485404875 108 1519 58 1616.211102550928 193 1709.3733802110964 187 1803.6160208982158 132 1899.0011857053503 199 1994.6580399548427 183 2102.1222891514158 282 2819 0 2961.4785670536075
